0,235
0,569
0,234
0,560
0,233
0,568
0,232
0,441
0,231
0,564
0,230
0,412
0,229
0,388
271,38
0,228
0,553
0,227
0,387
0,226
0,431
248,1690
248,1689
248,1688
248,1687
248,1686
248,1685
248,1684
248,1683
248,1682
248,1681
248,1680
248,1679
248,1678
248,1677
248,1676
248,1675
248,1674
248,1673
248,1672
248,1671
248,1670
248,1669
248,1668
248,1667
248,1666
248,1665
248,1664
248,1663
248,1662
248,1700
248,1699
248,1698
248,1697
248,1696
248,1695
248,1694
248,1693
248,1692
248,1691
271,35
248,1920
248,1919
248,1918
248,1917
248,1916
248,1915
248,1914
248,1913
248,1912
248,1911
248,1910
248,1909
248,1908
248,1907
248,1906
248,1905
248,1904
248,1903
248,1902
248,1901
248,1900
248,1899
248,1898
248,1897
248,1896
248,1895
248,1894
248,1893
248,1892
248,1891
248,1890
248,1889
248,1888
248,1887
248,1886
248,1885
248,1884
248,1883
248,1882
248,1881
248,1880
248,1879
248,1878
248,1877
248,1876
248,1875
248,1874
248,1873
248,1872
248,1871
248,1870
248,1869
248,1868
248,1867
248,1866
248,1865
248,1864
248,1863
248,1862
248,1861
248,1860
248,1859
248,1858
248,1857
248,1856
248,1855
248,1854
248,1853
248,1852
248,1851
248,1850
248,1849
248,1848
248,1847
248,1846
248,1845
248,1844
248,1843
248,1842
248,1841
248,1840
248,1839
248,1838
248,1837
248,1836
248,1835
248,1834
248,1833
248,1832
248,1831
248,1830
248,1829
248,1928
248,1927
248,1926
248,1925
248,1924
248,1923
248,1922
248,1921
248,2035
248,2034
248,2033
248,2032
248,2031
248,2030
248,2029
248,2028
248,2027
248,2026
248,2025
248,2024
248,2023
248,2022
248,2021
248,2020
248,2019
248,2018
248,2017
248,2016
248,2015
248,2014
248,2013
248,2012
248,2011
248,2010
248,2009
248,2008
248,2007
248,2006
248,2005
248,2004
248,2003
248,2002
248,2001
248,2000
248,1999
248,1998
248,1997
248,1996
248,1995
248,1994
248,1993
248,1992
248,1991
248,1990
248,1989
248,1988
248,1987
248,1986
248,1985
248,1984
248,1983
248,1982
248,1981
248,1980
248,1979
248,1978
248,1977
248,2043
248,2042
248,2041
248,2040
248,2039
248,2038
248,2037
248,2036
248,1965
248,1964
248,1963
248,1962
248,1961
248,1960
248,1959
248,1958
248,1957
248,1956
248,1955
248,1954
248,1953
248,1952
248,1951
248,1950
248,1949
248,1948
248,1947
248,1946
248,1945
248,1944
248,1943
248,1942
248,1941
248,1940
248,1939
248,1938
248,1937
248,1936
248,1935
248,1934
248,1933
248,1932
248,1931
248,1930
248,1929
248,1976
248,1975
248,1974
248,1973
248,1972
248,1971
248,1970
248,1969
248,1968
248,1967
248,1966
271,2
271,0
248,412
248,411
248,410
248,409
248,408
248,407
248,406
248,405
248,404
248,403
248,402
248,401
248,400
248,399
248,398
248,397
248,396
248,395
248,394
248,393
248,392
248,391
248,390
248,389
248,388
248,387
248,386
248,385
248,384
248,383
248,382
248,381
248,380
248,379
248,378
248,377
248,376
248,375
248,374
248,373
248,372
248,371
248,370
248,369
248,368
248,367
248,366
248,365
248,364
248,363
248,362
248,361
248,360
248,359
248,358
248,357
248,356
248,355
248,354
248,353
248,352
248,351
248,350
248,349
248,348
248,347
248,346
248,345
248,344
248,343
248,342
248,341
248,340
248,339
248,338
248,337
248,336
248,335
248,334
248,333
248,332
248,331
248,330
248,329
248,328
248,327
248,326
248,325
248,324
248,323
248,322
248,321
248,320
248,319
248,318
248,422
248,421
248,420
248,419
248,418
248,417
248,416
248,415
248,414
248,413
248,4
248,309
248,308
248,307
248,306
248,305
248,304
248,303
248,302
248,301
248,300
248,299
248,298
248,297
248,296
248,295
248,294
248,293
248,292
248,291
248,290
248,289
248,288
248,287
248,286
248,285
248,284
248,283
248,282
248,281
248,280
248,279
248,278
248,277
248,276
248,275
248,274
248,273
248,272
248,271
248,270
248,269
248,268
248,267
248,266
248,265
248,264
248,263
248,262
248,261
248,260
248,259
248,258
248,257
248,256
248,255
248,254
248,253
248,252
248,251
248,250
248,249
248,248
248,247
248,246
248,245
248,244
248,243
248,242
248,241
248,240
248,239
248,238
248,237
248,236
248,235
248,234
248,233
248,232
248,231
248,230
248,229
248,228
248,227
248,226
248,225
248,224
248,223
248,222
248,221
248,317
248,316
248,315
248,314
248,313
248,312
248,311
248,310
248,220
248,219
248,218
248,217
248,979
248,978
248,977
248,976
248,975
248,974
248,973
248,972
248,971
248,970
248,969
248,968
248,967
248,966
248,965
248,964
248,963
248,962
248,961
248,960
248,959
248,958
248,957
248,956
248,955
248,954
248,953
248,952
248,951
248,950
248,949
248,948
248,947
248,946
248,994
248,993
248,992
248,991
248,990
248,989
248,988
248,987
248,986
248,985
248,984
248,983
248,982
248,981
248,980
248,1159
248,1158
248,1157
248,1156
248,1155
248,1154
248,1153
248,1152
248,1151
248,1150
248,1149
248,1148
248,1147
248,1146
248,1145
248,1144
248,1143
248,1168
248,1167
248,1166
248,1165
248,1164
248,1163
248,1162
248,1161
248,1160
248,1339
248,1338
248,1337
248,1336
248,1335
248,1334
248,1333
248,1332
248,1331
248,1330
248,1329
248,1328
248,1327
248,1326
248,1325
248,1324
248,1323
248,1322
248,1321
248,1320
248,1319
248,1318
248,1317
248,1316
248,1315
248,1314
248,1313
248,1348
248,1347
248,1346
248,1345
248,1344
248,1343
248,1342
248,1341
248,1340
248,1267
248,1266
248,1265
248,1264
248,1263
248,1262
248,1261
248,1260
248,1259
248,1258
248,1257
248,1256
248,1255
248,1254
248,1253
248,1252
248,1274
248,1273
248,1272
248,1271
248,1270
248,1269
248,1268
248,1243
248,1242
248,1241
248,1240
248,1239
248,1238
248,1237
248,1236
248,1235
248,1234
248,1233
248,1232
248,1231
248,1230
248,1229
248,1228
248,1227
248,1226
248,1251
248,1250
248,1249
248,1248
248,1247
248,1246
248,1245
248,1244
248,1414
248,1413
248,1412
